0.35	0.03718203
0.351	0.0370301
0.352	0.0371503
0.353	0.03756591
0.354	0.03800134
0.355	0.03813407
0.356	0.03780132
0.357	0.03794386
0.358	0.03877755
0.359	0.03866733
0.36	0.03890733
0.361	0.03958658
0.362	0.03974732
0.363	0.03988764
0.364	0.04016296
0.365	0.04062635
0.366	0.04123023
0.367	0.04186069
0.368	0.0424234
0.369	0.04286372
0.37	0.04357128
0.371	0.04464681
0.372	0.04577974
0.373	0.04668409
0.374	0.0476368
0.375	0.04927965
0.376	0.05084418
0.377	0.05224932
0.378	0.05365948
0.379	0.05561683
0.38	0.05774532
0.381	0.05976734
0.382	0.06179728
0.383	0.06427006
0.384	0.06720991
0.385	0.07022595
0.386	0.07319793
0.387	0.07620687
0.388	0.07940193
0.389	0.08243879
0.39	0.08542612
0.391	0.08859598
0.392	0.09219983
0.393	0.09636264
0.394	0.10083052
0.395	0.10484786
0.396	0.10912281
0.397	0.11357022
0.398	0.11769517
0.399	0.12136746
0.4	0.12479635
0.401	0.12831293
0.402	0.13210782
0.403	0.13577903
0.404	0.13929398
0.405	0.14344568
0.406	0.1476873
0.407	0.15178534
0.408	0.15577305
0.409	0.15972644
0.41	0.16355434
0.411	0.16710104
0.412	0.17012191
0.413	0.17293613
0.414	0.1757926
0.415	0.17825099
0.416	0.18053524
0.417	0.18284034
0.418	0.1852753
0.419	0.18774753
0.42	0.19031509
0.421	0.19313933
0.422	0.196226
0.423	0.19947758
0.424	0.20278886
0.425	0.20612257
0.426	0.20971587
0.427	0.21367216
0.428	0.21758059
0.429	0.22156594
0.43	0.22570332
0.431	0.23006183
0.432	0.23457088
0.433	0.23931412
0.434	0.24442733
0.435	0.24984204
0.436	0.25569353
0.437	0.26218525
0.438	0.26928324
0.439	0.27674944
0.44	0.28439312
0.441	0.2922335
0.442	0.30016496
0.443	0.30799757
0.444	0.31549194
0.445	0.32276649
0.446	0.32981339
0.447	0.33656571
0.448	0.34279802
0.449	0.34857076
0.45	0.35396197
0.451	0.35885212
0.452	0.36332457
0.453	0.36743735
0.454	0.37112285
0.455	0.37444091
0.456	0.37738421
0.457	0.37987443
0.458	0.38190995
0.459	0.38354774
0.46	0.38489385
0.461	0.38604805
0.462	0.38694067
0.463	0.38749743
0.464	0.38785606
0.465	0.3879773
0.466	0.38784244
0.467	0.38750852
0.468	0.38692542
0.469	0.38607232
0.47	0.38495305
0.471	0.38353653
0.472	0.38185836
0.473	0.37997294
0.474	0.37777026
0.475	0.37528062
0.476	0.37255174
0.477	0.36959357
0.478	0.36643455
0.479	0.36308436
0.48	0.35947723
0.481	0.35580094
0.482	0.35203518
0.483	0.34801267
0.484	0.3436972
0.485	0.33910733
0.486	0.33431413
0.487	0.32948915
0.488	0.32460364
0.489	0.31963268
0.49	0.31471615
0.491	0.30988598
0.492	0.30504379
0.493	0.29990801
0.494	0.29469292
0.495	0.28947334
0.496	0.28424348
0.497	0.27896401
0.498	0.27360025
0.499	0.26814431
0.5	0.26264765
0.501	0.25701254
0.502	0.25121986
0.503	0.24551919
0.504	0.23988158
0.505	0.23426806
0.506	0.2285793
0.507	0.22295781
0.508	0.21740348
0.509	0.21182336
0.51	0.2062077
0.511	0.20060836
0.512	0.19512369
0.513	0.18969212
0.514	0.18426086
0.515	0.17880543
0.516	0.17321425
0.517	0.16765238
0.518	0.16222373
0.519	0.156861
0.52	0.15164705
0.521	0.14667517
0.522	0.14197221
0.523	0.1374592
0.524	0.13298908
0.525	0.12850116
0.526	0.12407428
0.527	0.11979212
0.528	0.1156945
0.529	0.11170846
0.53	0.10786884
0.531	0.10421731
0.532	0.10074375
0.533	0.09733651
0.534	0.09398424
0.535	0.09078992
0.536	0.08774695
0.537	0.08484575
0.538	0.08206329
0.539	0.07933773
0.54	0.0767014
0.541	0.07418656
0.542	0.07174356
0.543	0.06942006
0.544	0.06724737
0.545	0.06524938
0.546	0.06327196
0.547	0.06132698
0.548	0.05955197
0.549	0.0578728
0.55	0.05625006
0.551	0.05465941
0.552	0.05313271
0.553	0.05173297
0.554	0.05047824
0.555	0.04923845
0.556	0.0480268
0.557	0.04686342
0.558	0.04577797
0.559	0.04476639
0.56	0.04381154
0.561	0.0428821
0.562	0.04203638
0.563	0.0412605
0.564	0.0405238
0.565	0.03985635
0.566	0.03923708
0.567	0.03864924
0.568	0.03812751
0.569	0.03759294
0.57	0.03704618
0.571	0.03662735
0.572	0.03624645
0.573	0.03586946
0.574	0.03549007
0.575	0.03516814
0.576	0.03489276
0.577	0.03463124
0.578	0.0343715
0.579	0.03412539
0.58	0.03390681
0.581	0.0337296
0.582	0.03354023
0.583	0.03332636
0.584	0.0331376
0.585	0.03299709
0.586	0.03287371
0.587	0.03269322
0.588	0.03255
0.589	0.0324553
0.59	0.03238204
0.591	0.03223424
0.592	0.03207302
0.593	0.03194641
0.594	0.03178919
0.595	0.03164051
0.596	0.03151785
0.597	0.03141572
0.598	0.0313013
0.599	0.0311693
0.6	0.03103261
0.601	0.03094548
0.602	0.03086871
0.603	0.03075543
0.604	0.03070599
0.605	0.03064555
0.606	0.03053197
0.607	0.03046693
0.608	0.03036643
0.609	0.0302333
0.61	0.0301892
0.611	0.03015714
0.612	0.03012762
0.613	0.03011894
0.614	0.03010799
0.615	0.03010945
0.616	0.03013225
0.617	0.03009105
0.618	0.03008639
0.619	0.03015644
0.62	0.03014117
0.621	0.03019518
0.622	0.03031418
0.623	0.03031265
0.624	0.03034578
0.625	0.03041692
0.626	0.03046678
0.627	0.03050863
0.628	0.0305761
0.629	0.03068909
0.63	0.03077836
0.631	0.03082606
0.632	0.03084779
0.633	0.03092659
0.634	0.03103871
0.635	0.03114697
0.636	0.03119029
0.637	0.03125197
0.638	0.0313488
0.639	0.03146603
0.64	0.03152446
0.641	0.03155881
0.642	0.03162381
0.643	0.03178627
0.644	0.03194868
0.645	0.03204629
0.646	0.03203081
0.647	0.032161
0.648	0.03241719
0.649	0.03260621
0.65	0.03265254
0.651	0.0327191
0.652	0.03296588
0.653	0.03312286
0.654	0.0332451
0.655	0.03338807
0.656	0.0335191
0.657	0.03367347
0.658	0.03383715
0.659	0.03394562
0.66	0.03399831
0.661	0.03403293
0.662	0.03409582
0.663	0.03403333
0.664	0.03393952
0.665	0.03391592
0.666	0.0338763
0.667	0.03374658
0.668	0.03352484
0.669	0.03334952
0.67	0.03317562
0.671	0.03295563
0.672	0.03262637
0.673	0.03237759
0.674	0.03217959
0.675	0.0319401
0.676	0.03169668
0.677	0.03150672
0.678	0.0313874
0.679	0.0312214
0.68	0.03108751
0.681	0.03101995
0.682	0.03100061
0.683	0.03099263
0.684	0.03097002
0.685	0.03091975
0.686	0.03099464
0.687	0.03111235
0.688	0.03114482
0.689	0.03113005
0.69	0.03113937
0.691	0.03121031
0.692	0.03133046
0.693	0.03143387
0.694	0.03150913
0.695	0.03158174
0.696	0.031647
0.697	0.03170691
0.698	0.03176658
0.699	0.03182947
0.7	0.03192417
0.701	0.03205167
0.702	0.03213003
0.703	0.03218582
0.704	0.03226091
0.705	0.03242353
0.706	0.03257055
0.707	0.03269963
0.708	0.03284729
0.709	0.03301611
0.71	0.03324778
0.711	0.03354325
0.712	0.03373088
0.713	0.03393306
0.714	0.03420778
0.715	0.03452077
0.716	0.03481816
0.717	0.03512466
0.718	0.03550838
0.719	0.03595963
0.72	0.03644308
0.721	0.0368915
0.722	0.03722485
0.723	0.03761632
0.724	0.03815245
0.725	0.03869792
0.726	0.03922604
0.727	0.03976819
0.728	0.04043003
0.729	0.04107975
0.73	0.04173112
0.731	0.04243046
0.732	0.04323232
0.733	0.04405876
0.734	0.04487833
0.735	0.04572804
0.736	0.04667075
0.737	0.04770694
0.738	0.04878749
0.739	0.04994154
0.74	0.05122095
0.741	0.05266352
0.742	0.05412942
0.743	0.05566272
0.744	0.05733481
0.745	0.05923262
0.746	0.06123857
0.747	0.06332636
0.748	0.06555964
0.749	0.06799169
0.75	0.07060304
0.751	0.07334014
0.752	0.07622431
0.753	0.07931326
0.754	0.0826188
0.755	0.08604682
0.756	0.08964248
0.757	0.0932385
0.758	0.09669341
0.759	0.09936733
0.76	0.10224098
0.761	0.10680602
0.762	0.11283434
0.763	0.11801665
0.764	0.12293362
0.765	0.12807522
0.766	0.13304766
0.767	0.1377209
0.768	0.14235343
0.769	0.14700757
0.77	0.15178167
0.771	0.15660181
0.772	0.16154201
0.773	0.16647931
0.774	0.17136222
0.775	0.17634968
0.776	0.18140332
0.777	0.18644822
0.778	0.19145587
0.779	0.19658246
0.78	0.20173572
0.781	0.20679174
0.782	0.21192251
0.783	0.21706977
0.784	0.22222933
0.785	0.22746527
0.786	0.23267
0.787	0.23783672
0.788	0.2429926
0.789	0.24818161
0.79	0.25344651
0.791	0.25874852
0.792	0.26395042
0.793	0.2692151
0.794	0.2745461
0.795	0.27970502
0.796	0.28490534
0.797	0.29025113
0.798	0.29559114
0.799	0.30076332
0.8	0.30587518
0.801	0.31100097
0.802	0.31613718
0.803	0.32130744
0.804	0.32654769
0.805	0.33177397
0.806	0.33692547
0.807	0.34206601
0.808	0.3473901
0.809	0.35254906
0.81	0.35758527
0.811	0.36253157
0.812	0.36754541
0.813	0.37265927
0.814	0.37791114
0.815	0.38292505
0.816	0.38798455
0.817	0.39315419
0.818	0.39839364
0.819	0.40361432
0.82	0.40924758
0.821	0.41470087
0.822	0.41917312
0.823	0.42395669
0.824	0.42978589
0.825	0.43556336
0.826	0.44057978
0.827	0.44547383
0.828	0.45054352
0.829	0.45572182
0.83	0.46076094
0.831	0.46554078
0.832	0.47047707
0.833	0.47554811
0.834	0.48076317
0.835	0.48593431
0.836	0.49085738
0.837	0.49566738
0.838	0.50045196
0.839	0.505161
0.84	0.509769
0.841	0.51437888
0.842	0.51913952
0.843	0.52371126
0.844	0.52817074
0.845	0.53261528
0.846	0.53708806
0.847	0.54138308
0.848	0.5455036
0.849	0.54956176
0.85	0.5535673
0.851	0.55768197
0.852	0.56169976
0.853	0.56531915
0.854	0.56885157
0.855	0.57269964
0.856	0.5768033
0.857	0.5803808
0.858	0.58373008
0.859	0.58712679
0.86	0.59052079
0.861	0.59379041
0.862	0.59687682
0.863	0.59985905
0.864	0.60294281
0.865	0.60600767
0.866	0.60892013
0.867	0.61217134
0.868	0.61553041
0.869	0.61868269
0.87	0.62138657
0.871	0.62406273
0.872	0.62681574
0.873	0.62958753
0.874	0.63205256
0.875	0.6344029
0.876	0.63681043
0.877	0.63906612
0.878	0.64128186
0.879	0.64336957
0.88	0.64505197
0.881	0.64663085
0.882	0.64838939
0.883	0.65041291
0.884	0.65207245
0.885	0.6534915
0.886	0.65477778
0.887	0.65596766
0.888	0.65716745
0.889	0.65843784
0.89	0.65974342
0.891	0.66048784
0.892	0.6610785
0.893	0.66172899
0.894	0.66227577
0.895	0.6628248
0.896	0.66329149
0.897	0.66354094
0.898	0.66393313
0.899	0.66418182
0.9	0.66423413
0.901	0.66457328
0.902	0.66502546
0.903	0.66546656
0.904	0.66583299
0.905	0.66641262
0.906	0.66665468
0.907	0.66637115
0.908	0.66613256
0.909	0.66623952
0.91	0.66644749
0.911	0.66637575
0.912	0.66683534
0.913	0.66720017
0.914	0.66722574
0.915	0.66746278
0.916	0.66801928
0.917	0.66877744
0.918	0.66953993
0.919	0.67047957
0.92	0.67143619
0.921	0.67229435
0.922	0.67289351
0.923	0.67336022
0.924	0.67386556
0.925	0.67454536
0.926	0.67522329
0.927	0.67581373
0.928	0.67631397
0.929	0.67674452
0.93	0.67653873
0.931	0.67534382
0.932	0.67308576
0.933	0.67109968
0.934	0.67015005
0.935	0.67025183
0.936	0.66975732
0.937	0.67125762
0.938	0.67454038
0.939	0.67802299
0.94	0.68112333
0.941	0.68239301
0.942	0.68224972
0.943	0.68232739
0.944	0.68275906
0.945	0.68284949
0.946	0.68242353
0.947	0.68363421
0.948	0.68414626
0.949	0.68489713
0.95	0.68781161
0.951	0.68823698
0.952	0.68736425
0.953	0.68680875
0.954	0.68769352
0.955	0.68883272
0.956	0.68972877
0.957	0.69023511
0.958	0.69067967
0.959	0.6914532
0.96	0.69248596
0.961	0.69321721
0.962	0.69382619
0.963	0.69462248
0.964	0.69559962
0.965	0.69549052
0.966	0.69624937
0.967	0.69749081
0.968	0.69770244
0.969	0.69885044
0.97	0.69955147
0.971	0.69928029
0.972	0.69987925
0.973	0.70049726
0.974	0.70085876
0.975	0.70089813
0.976	0.70067416
0.977	0.70046979
0.978	0.7006323
0.979	0.70151564
0.98	0.70223545
0.981	0.70998978
0.982	0.71007456
0.983	0.7101678
0.984	0.71021675
0.985	0.71019676
0.986	0.71012743
0.987	0.71004987
0.988	0.7098327
0.989	0.70992986
0.99	0.71013361
0.991	0.70986509
0.992	0.70963343
0.993	0.70931815
0.994	0.7090943
0.995	0.70872477
0.996	0.7085655
0.997	0.70853069
0.998	0.7085542
0.999	0.70883249
1	0.70867333
1.001	0.7080751
1.002	0.70751876
1.003	0.7066779
1.004	0.70603384
1.005	0.70618217
1.006	0.70645989
1.007	0.70674793
1.008	0.70764776
1.009	0.7077916
1.01	0.70768331
1.011	0.70731488
1.012	0.7067781
1.013	0.70588148
1.014	0.70561846
1.015	0.70565494
1.016	0.70568517
1.017	0.70559995
1.018	0.7052385
1.019	0.7049664
1.02	0.70476241
1.021	0.7051866
1.022	0.70593078
1.023	0.70634673
1.024	0.70673656
1.025	0.70708909
1.026	0.70734702
1.027	0.7074339
1.028	0.70759276
1.029	0.70774741
1.03	0.7079394
1.031	0.70849805
1.032	0.70895122
1.033	0.70946528
1.034	0.71004382
1.035	0.71033171
1.036	0.71062361
1.037	0.71105966
1.038	0.71155679
1.039	0.71207237
1.04	0.71241193
1.041	0.71287191
1.042	0.7133566
1.043	0.71344259
1.044	0.71342455
1.045	0.71368652
1.046	0.71395823
1.047	0.71381909
1.048	0.71369959
1.049	0.71363217
1.05	0.7130973
1.051	0.71284999
1.052	0.71317669
1.053	0.71284974
1.054	0.71222739
1.055	0.71157189
1.056	0.7106084
1.057	0.70946084
1.058	0.70891082
1.059	0.70832494
1.06	0.70749534
1.061	0.7066481
1.062	0.70542662
1.063	0.70414708
1.064	0.70321854
1.065	0.70186259
1.066	0.70016985
1.067	0.69795269
1.068	0.69605322
1.069	0.69407881
1.07	0.69192851
1.071	0.68997089
1.072	0.68772775
1.073	0.6851054
1.074	0.68240044
1.075	0.67964592
1.076	0.67653722
1.077	0.67403377
1.078	0.67190735
1.079	0.66984264
1.08	0.66801736
1.081	0.66591139
1.082	0.66316455
1.083	0.66117292
1.084	0.65946226
1.085	0.65797057
1.086	0.65679169
1.087	0.65578901
1.088	0.65517615
1.089	0.65442106
1.09	0.65342126
1.091	0.6527501
1.092	0.65183571
1.093	0.65099136
1.094	0.65053755
1.095	0.65050992
1.096	0.65045015
1.097	0.6506128
1.098	0.65073282
1.099	0.65105993
1.1	0.65122181
1.101	0.65135879
1.102	0.65135815
1.103	0.65102108
1.104	0.6510892
1.105	0.65112833
1.106	0.65154853
1.107	0.65256452
1.108	0.65362254
1.109	0.65451749
1.11	0.65569641
1.111	0.65636959
1.112	0.65638379
1.113	0.65714173
1.114	0.65809681
1.115	0.65921921
1.116	0.66139385
1.117	0.66305528
1.118	0.66373842
1.119	0.66563794
1.12	0.66890435
1.121	0.67122239
1.122	0.6733525
1.123	0.67583918
1.124	0.67699227
1.125	0.6779649
1.126	0.67940918
1.127	0.68123514
1.128	0.68326473
1.129	0.68501343
1.13	0.68636222
1.131	0.68749509
1.132	0.68918516
1.133	0.68986549
1.134	0.69197444
1.135	0.69640244
1.136	0.698278
1.137	0.69934508
1.138	0.70051481
1.139	0.70026994
1.14	0.70085955
1.141	0.70183629
1.142	0.7036639
1.143	0.70474591
1.144	0.70606516
1.145	0.70654228
1.146	0.70650926
1.147	0.70654175
1.148	0.70608265
1.149	0.70589001
1.15	0.70578876
1.151	0.70566996
1.152	0.70572645
1.153	0.7054385
1.154	0.70509097
1.155	0.70469861
1.156	0.70383554
1.157	0.70351486
1.158	0.70339952
1.159	0.70352631
1.16	0.70333785
1.161	0.70320075
1.162	0.70311259
1.163	0.70285494
1.164	0.70276188
1.165	0.70290727
1.166	0.70280951
1.167	0.70256367
1.168	0.70241647
1.169	0.70217362
1.17	0.70213717
1.171	0.70215898
1.172	0.70226806
1.173	0.70269185
1.174	0.70282624
1.175	0.7027826
1.176	0.70283217
1.177	0.70300139
1.178	0.70312228
1.179	0.70350128
1.18	0.70427094
1.181	0.70482198
1.182	0.70534757
1.183	0.70595478
1.184	0.70660291
1.185	0.70716786
1.186	0.70771466
1.187	0.70827767
1.188	0.7087855
1.189	0.70937986
1.19	0.71008949
1.191	0.71068241
1.192	0.71118978
1.193	0.71181901
1.194	0.71238542
1.195	0.71276579
1.196	0.71329377
1.197	0.71378184
1.198	0.71424698
1.199	0.71468653
1.2	0.71521283
1.201	0.7157761
1.202	0.71624909
1.203	0.71678061
1.204	0.71718259
1.205	0.71741494
1.206	0.71774414
1.207	0.71809718
1.208	0.71836354
1.209	0.71857582
1.21	0.71889634
1.211	0.71919408
1.212	0.71948427
1.213	0.72000652
1.214	0.72030804
1.215	0.72059686
1.216	0.72107996
1.217	0.72170707
1.218	0.72232115
1.219	0.7228224
1.22	0.7233157
1.221	0.72379467
1.222	0.72411072
1.223	0.72460251
1.224	0.72532804
1.225	0.72576472
1.226	0.72609335
1.227	0.72645093
1.228	0.72662793
1.229	0.72691717
1.23	0.72739216
1.231	0.72761961
1.232	0.7278185
1.233	0.72813095
1.234	0.72831724
1.235	0.72870047
1.236	0.72914265
1.237	0.72948254
1.238	0.72990171
1.239	0.7301156
1.24	0.73036578
1.241	0.7306186
1.242	0.73083544
1.243	0.73091611
1.244	0.73126056
1.245	0.73175085
1.246	0.73199076
1.247	0.73238702
1.248	0.73254544
1.249	0.73230774
1.25	0.73231642
1.251	0.7326186
1.252	0.73278444
1.253	0.73305584
1.254	0.73341278
1.255	0.73349574
1.256	0.73338329
1.257	0.73358473
1.258	0.73374143
1.259	0.73358259
1.26	0.73387132
1.261	0.73384346
1.262	0.73352118
1.263	0.73367908
1.264	0.73420954
1.265	0.73452079
1.266	0.73514466
1.267	0.73544182
1.268	0.7353775
1.269	0.73540884
1.27	0.73531192
1.271	0.73547919
1.272	0.73552279
1.273	0.73554636
1.274	0.73551593
1.275	0.73543199
1.276	0.73543406
1.277	0.73529457
1.278	0.7352412
1.279	0.73529577
1.28	0.73513402
1.281	0.73520837
1.282	0.73534726
1.283	0.73507813
1.284	0.73491942
1.285	0.73494961
1.286	0.73487509
1.287	0.73479956
1.288	0.73466629
1.289	0.73453571
1.29	0.73424864
1.291	0.73376787
1.292	0.7334654
1.293	0.73317237
1.294	0.73278579
1.295	0.73248488
1.296	0.73218548
1.297	0.73184115
1.298	0.73147675
1.299	0.73112929
1.3	0.73079407
1.301	0.73030833
1.302	0.72981361
1.303	0.72944701
1.304	0.72884152
1.305	0.72818307
1.306	0.72781867
1.307	0.72733377
1.308	0.72684039
1.309	0.72628185
1.31	0.7257265
1.311	0.72497206
1.312	0.72392885
1.313	0.72324936
1.314	0.72263053
1.315	0.72220488
1.316	0.72202908
1.317	0.72148905
1.318	0.72103437
1.319	0.72071165
1.32	0.7200848
1.321	0.71963248
1.322	0.71909497
1.323	0.71816564
1.324	0.71718971
1.325	0.7161675
1.326	0.7152303
1.327	0.71418105
1.328	0.71318671
1.329	0.71286642
1.33	0.71202744
1.331	0.71085158
1.332	0.71018202
1.333	0.70900586
1.334	0.70784484
1.335	0.70694835
1.336	0.70620965
1.337	0.70561771
1.338	0.70500656
1.339	0.70451967
1.34	0.70437048
1.341	0.70365779
1.342	0.70221175
1.343	0.70066544
1.344	0.69902096
1.345	0.69756865
1.346	0.69604982
1.347	0.69573044
1.348	0.69662105
1.349	0.69506734
1.35	0.69444608
1.412	0.61950035
1.413	0.59373472
1.414	0.58496754
1.415	0.60055717
1.416	0.60963692
1.417	0.61406472
1.418	0.60943591
1.419	0.60121717
1.42	0.60371339
1.421	0.60387536
1.422	0.60374454
1.423	0.60956443
1.424	0.60888076
1.425	0.60559431
1.426	0.6092902
1.427	0.61039331
1.428	0.61034976
1.429	0.61078933
1.43	0.61128669
1.431	0.61025751
1.432	0.6085465
1.433	0.60727206
1.434	0.60550832
1.435	0.60522077
1.436	0.60657998
1.437	0.60822222
1.438	0.60890531
1.439	0.60629247
1.44	0.60229417
1.441	0.60038549
1.442	0.6004379
1.443	0.60373203
1.444	0.60675509
1.445	0.60797225
1.446	0.60858623
1.447	0.60829507
1.448	0.60918898
1.449	0.61051155
1.45	0.61074585
1.451	0.61055309
1.452	0.61008487
1.453	0.61011744
1.454	0.60995385
1.455	0.61017764
1.456	0.61107722
1.457	0.61077034
1.458	0.61069034
1.459	0.61069109
1.46	0.61012676
1.461	0.60995901
1.462	0.60994452
1.463	0.61069221
1.464	0.61159834
1.465	0.61176949
1.466	0.61191753
1.467	0.61206991
1.468	0.612664
1.469	0.61397358
1.47	0.61491047
1.471	0.61566256
1.472	0.61642688
1.473	0.61677297
1.474	0.61710136
1.475	0.61749208
1.476	0.61830291
1.477	0.61857994
1.478	0.618986
1.479	0.61959701
1.48	0.62083635
1.481	0.6218816
1.482	0.62277767
1.483	0.62357354
1.484	0.62376186
1.485	0.62432829
1.486	0.62480736
1.487	0.62511793
1.488	0.62568734
1.489	0.62578584
1.49	0.62541949
1.491	0.62554777
1.492	0.62593403
1.493	0.62627288
1.494	0.62671466
1.495	0.62708479
1.496	0.62730527
1.497	0.62748864
1.498	0.62801653
1.499	0.62839651
1.5	0.62838529
1.501	0.62854357
1.502	0.6285918
1.503	0.62871725
1.504	0.62929723
1.505	0.62975149
1.506	0.6301659
1.507	0.63071642
1.508	0.63102666
1.509	0.63130632
1.51	0.63171231
1.511	0.63206475
1.512	0.6325223
1.513	0.63304882
1.514	0.63341692
1.515	0.63381258
1.516	0.63425375
1.517	0.63463767
1.518	0.63515518
1.519	0.63561671
1.52	0.63602163
1.521	0.63643363
1.522	0.63690442
1.523	0.63727897
1.524	0.63761839
1.525	0.63796434
1.526	0.63827189
1.527	0.63851431
1.528	0.63880311
1.529	0.63894877
1.53	0.63883952
1.531	0.63899057
1.532	0.63912746
1.533	0.63944206
1.534	0.63997086
1.535	0.64053849
1.536	0.64123625
1.537	0.64188521
1.538	0.64241428
1.539	0.64292567
1.54	0.64335752
1.541	0.64361549
1.542	0.64388795
1.543	0.64428157
1.544	0.64459676
1.545	0.64495175
1.546	0.64548066
1.547	0.64583056
1.548	0.64606794
1.549	0.64633958
1.55	0.64655986
1.551	0.64695559
1.552	0.64741927
1.553	0.647688
1.554	0.64792239
1.555	0.64811217
1.556	0.64815744
1.557	0.6482866
1.558	0.64853423
1.559	0.64875153
1.56	0.64900563
1.561	0.64941401
1.562	0.64978001
1.563	0.65005807
1.564	0.65040865
1.565	0.65082384
1.566	0.65128049
1.567	0.65166778
1.568	0.65215169
1.569	0.6526337
1.57	0.65293719
1.571	0.65331289
1.572	0.65358058
1.573	0.65355717
1.574	0.65348499
1.575	0.65364239
1.576	0.65382511
1.577	0.6540818
1.578	0.65478967
1.579	0.65532166
1.58	0.655495
1.581	0.65581201
1.582	0.65607094
1.583	0.65636922
1.584	0.65674741
1.585	0.65689505
1.586	0.6569461
1.587	0.65687112
1.588	0.6568725
1.589	0.65726886
1.59	0.65763169
1.591	0.65764034
1.592	0.65774022
1.593	0.65770954
1.594	0.6574375
1.595	0.65759581
1.596	0.65775354
1.597	0.65790811
1.598	0.65810671
1.599	0.65780371
1.6	0.65728408
1.601	0.65671672
1.602	0.6562703
1.603	0.65606817
1.604	0.65578939
1.605	0.65535347
1.606	0.65455455
1.607	0.6533973
1.608	0.65235937
1.609	0.65135148
1.61	0.65056264
1.611	0.64999071
1.612	0.64920916
1.613	0.64863843
1.614	0.64820037
1.615	0.64743015
1.616	0.64675438
1.617	0.64622541
1.618	0.64556626
1.619	0.64503073
1.62	0.6445573
1.621	0.64409641
1.622	0.64357429
1.623	0.64276678
1.624	0.6417236
1.625	0.64047669
1.626	0.63929889
1.627	0.63824176
1.628	0.63710275
1.629	0.63586978
1.63	0.63424042
1.631	0.63241683
1.632	0.6305789
1.633	0.62825056
1.634	0.62544342
1.635	0.62206526
1.636	0.61807829
1.637	0.61381046
1.638	0.60901861
1.639	0.60388887
1.64	0.59867501
1.641	0.59292045
1.642	0.58703588
1.643	0.58116452
1.644	0.57494223
1.645	0.568682
1.646	0.56215175
1.647	0.555467
1.648	0.5489572
1.649	0.54204985
1.65	0.53535844
1.651	0.52900636
1.652	0.52234095
1.653	0.5161285
1.654	0.51017739
1.655	0.50429888
1.656	0.49922253
1.657	0.49476441
1.658	0.49114315
1.659	0.48850997
1.66	0.48681386
1.661	0.48609848
1.662	0.48659509
1.663	0.48826317
1.664	0.49073967
1.665	0.49422121
1.666	0.49828979
1.667	0.50267236
1.668	0.50742977
1.669	0.51231268
1.67	0.51734398
1.671	0.52200634
1.672	0.52632923
1.673	0.53060755
1.674	0.53423653
1.675	0.53762016
1.676	0.54094881
1.677	0.54390428
1.678	0.54673247
1.679	0.54951841
1.68	0.5520895
1.681	0.55461646
1.682	0.55706432
1.683	0.55977471
1.684	0.5629994
1.685	0.56608943
1.686	0.56918879
1.687	0.5722812
1.688	0.57525011
1.689	0.57814929
1.69	0.58114997
1.691	0.58411301
1.692	0.58654132
1.693	0.58850549
1.694	0.58981
1.695	0.5902373
1.696	0.58988424
1.697	0.58923939
1.698	0.58838581
1.699	0.5875972
1.7	0.58674048
1.701	0.58589638
1.702	0.58500928
1.703	0.58414751
1.704	0.58326288
1.705	0.58251731
1.706	0.58168899
1.707	0.58107859
1.708	0.58074808
1.709	0.58043579
1.71	0.58019875
1.711	0.58011153
1.712	0.58037376
1.713	0.58022766
1.714	0.57993508
1.715	0.57970229
1.716	0.57904376
1.717	0.57880373
1.718	0.57903166
1.719	0.57902259
1.72	0.57912432
1.721	0.57897774
1.722	0.57853515
1.723	0.57827337
1.724	0.57779955
1.725	0.57778759
1.726	0.57813375
1.727	0.57834807
1.728	0.57878626
1.729	0.57915232
1.73	0.57929215
1.731	0.57989331
1.732	0.58066527
1.733	0.58171905
1.734	0.5831735
1.735	0.58455999
1.736	0.58619663
1.737	0.58769236
1.738	0.58906149
1.739	0.59080085
1.74	0.59270742
1.741	0.59453019
1.742	0.59672197
1.743	0.59828807
1.744	0.59952605
1.745	0.60066665
1.746	0.60147037
1.747	0.60261544
1.748	0.60346528
1.749	0.60377758
1.75	0.60413749
1.751	0.60426707
1.752	0.60435764
1.753	0.60503839
1.754	0.6055307
1.755	0.60553322
1.756	0.60555643
1.757	0.60509233
1.758	0.6049266
1.759	0.60486835
1.76	0.60494208
1.761	0.6054467
1.762	0.60555375
1.763	0.60547557
1.764	0.60543623
1.765	0.60500157
1.766	0.60499122
1.767	0.60531902
1.768	0.60564778
1.769	0.6061688
1.77	0.60667986
1.771	0.60723228
1.772	0.60783535
1.773	0.60873497
1.774	0.60927356
1.775	0.60964378
1.776	0.60999249
1.777	0.60977772
1.778	0.61027184
1.779	0.61131495
1.78	0.61206576
1.781	0.61331203
1.782	0.613842
1.783	0.61363441
1.784	0.61381931
1.785	0.61389956
1.786	0.61381326
1.787	0.61383967
1.788	0.61358934
1.789	0.61284792
1.79	0.61243186
1.791	0.6119483
1.792	0.61158903
1.793	0.61205267
1.794	0.61145169
1.795	0.60996593
1.796	0.60638725
1.797	0.60565608
1.798	0.6063224
1.799	0.60741231
1.8	0.6038188
1.801	0.6020255
1.802	0.59857078
1.803	0.58880411
1.804	0.58561555
1.805	0.58790424
1.806	0.58852001
1.807	0.59904279
1.808	0.6055902
1.809	0.60414557
1.81	0.61750101
1.811	0.61563284
1.812	0.6009958
1.949	0.53531274
1.95	0.53784757
1.951	0.5428388
1.952	0.54981734
1.953	0.54660679
1.954	0.54492038
1.955	0.54336267
1.956	0.54320772
1.957	0.53989243
1.958	0.5447303
1.959	0.5496529
1.96	0.55344939
1.961	0.55999053
1.962	0.56310598
1.963	0.56384214
1.964	0.56591077
1.965	0.56505141
1.966	0.56590918
1.967	0.56742466
1.968	0.56982374
1.969	0.57107977
1.97	0.57347026
1.971	0.57419031
1.972	0.57498367
1.973	0.57602773
1.974	0.57644343
1.975	0.57830574
1.976	0.57914982
1.977	0.57921891
1.978	0.58016182
1.979	0.58056908
1.98	0.58075407
1.981	0.58076562
1.982	0.58143341
1.983	0.5822301
1.984	0.5827303
1.985	0.58372294
1.986	0.5845719
1.987	0.5839681
1.988	0.58344579
1.989	0.58303784
1.99	0.58345135
1.991	0.58480767
1.992	0.5853572
1.993	0.58550074
1.994	0.58523843
1.995	0.58404651
1.996	0.58383366
1.997	0.58475732
1.998	0.58553769
1.999	0.58742629
2	0.58683302
2.001	0.58597749
2.002	0.58455123
2.003	0.57984792
2.004	0.57847282
2.005	0.57358662
2.006	0.57097729
2.007	0.57289677
2.008	0.58178922
2.009	0.58560613
2.01	0.59049802
2.011	0.59382482
2.012	0.59024083
2.013	0.58758377
2.014	0.58604479
2.015	0.58400912
2.016	0.58480826
2.017	0.58599075
2.018	0.5858545
2.019	0.58660666
2.02	0.5871618
2.021	0.58709657
2.022	0.58739278
2.023	0.58922485
2.024	0.58980561
2.025	0.59002237
2.026	0.59047946
2.027	0.59015228
2.028	0.5900167
2.029	0.59046874
2.03	0.59078704
2.031	0.59088225
2.032	0.59131244
2.033	0.59150665
2.034	0.59159864
2.035	0.59160223
2.036	0.59152983
2.037	0.59123544
2.038	0.59131082
2.039	0.59160699
2.04	0.59137197
2.041	0.59128416
2.042	0.59109418
2.043	0.59035187
2.044	0.59051062
2.045	0.59075719
2.046	0.59100984
2.047	0.59150757
2.048	0.59170231
2.049	0.59158224
2.05	0.59199429
2.051	0.59264356
2.052	0.59282923
2.053	0.59358191
2.054	0.59298843
2.055	0.59128424
2.056	0.59021913
2.057	0.59015031
2.058	0.59006004
2.059	0.59013057
2.06	0.5909574
2.061	0.59076871
2.062	0.58933761
2.063	0.58868636
2.064	0.58855737
2.065	0.58755193
2.066	0.58622482
2.067	0.58471228
2.068	0.58379107
2.069	0.58213971
2.07	0.58037621
2.071	0.57994554
2.072	0.57869431
2.073	0.5768279
2.074	0.57570102
2.075	0.57434555
2.076	0.57303754
2.077	0.57252377
2.078	0.57198179
2.079	0.5718673
2.08	0.5713788
2.081	0.57079594
2.082	0.5701255
2.083	0.56989914
2.084	0.5696125
2.085	0.56963538
2.086	0.56993575
2.087	0.57000808
2.088	0.57080439
2.089	0.57158325
2.09	0.57225416
2.091	0.57346655
2.092	0.57393075
2.093	0.57457018
2.094	0.57567518
2.095	0.57615742
2.096	0.57646787
2.097	0.57641965
2.098	0.57592991
2.099	0.57525911
2.1	0.57476207
2.101	0.57339047
2.102	0.57174264
2.103	0.56994287
2.104	0.56735536
2.105	0.56422257
2.106	0.56129521
2.107	0.5582812
2.108	0.55483658
2.109	0.55191734
2.11	0.5489589
2.111	0.54636459
2.112	0.54288548
2.113	0.53937669
2.114	0.53502825
2.115	0.52970677
2.116	0.52432249
2.117	0.5191187
2.118	0.51395814
2.119	0.50945546
2.12	0.50536909
2.121	0.5016338
2.122	0.49813551
2.123	0.49435107
2.124	0.49038875
2.125	0.48571833
2.126	0.48076627
2.127	0.47640759
2.128	0.47137076
2.129	0.46823228
2.13	0.46615011
2.131	0.46477988
2.132	0.46435339
2.133	0.46508501
2.134	0.46605868
2.135	0.46798332
2.136	0.47143955
2.137	0.47531801
2.138	0.48031732
2.139	0.48515054
2.14	0.48956205
2.141	0.49402319
2.142	0.49719061
2.143	0.50018897
2.144	0.50284546
2.145	0.50459085
2.146	0.50569701
2.147	0.50630515
2.148	0.50611477
2.149	0.50484581
2.15	0.50314575
2.151	0.50075233
2.152	0.49792777
2.153	0.49474722
2.154	0.49199977
2.155	0.49011137
2.156	0.48923385
2.157	0.48857741
2.158	0.48828382
2.159	0.48935671
2.16	0.49119922
2.161	0.49402156
2.162	0.49839723
2.163	0.50384457
2.164	0.50929786
2.165	0.51427388
2.166	0.519647
2.167	0.5240119
2.168	0.52730604
2.169	0.52989945
2.17	0.53253189
2.171	0.533364
2.172	0.53275896
2.173	0.53159975
2.174	0.5291844
2.175	0.52655281
2.176	0.52362044
2.177	0.52089248
2.178	0.51928916
2.179	0.51694759
2.18	0.51526235
2.181	0.51488177
2.182	0.51432098
2.183	0.51508602
2.184	0.51706835
2.185	0.51853302
2.186	0.52067806
2.187	0.52358374
2.188	0.52660519
2.189	0.53019955
2.19	0.53351002
2.191	0.53770127
2.192	0.54034461
2.193	0.54201025
2.194	0.54383647
2.195	0.54532766
2.196	0.54577832
2.197	0.54656491
2.198	0.54691947
2.199	0.54659845
2.2	0.54606807
2.201	0.54537122
2.202	0.54490517
2.203	0.5447191
2.204	0.54457736
2.205	0.54512718
2.206	0.54549429
2.207	0.54396955
2.208	0.5422038
2.209	0.5402766
2.21	0.53707981
2.211	0.5352902
2.212	0.53390397
2.213	0.53154119
2.214	0.5287291
2.215	0.52621893
2.216	0.52349501
2.217	0.51981059
2.218	0.51606841
2.219	0.51146228
2.22	0.50520996
2.221	0.49886892
2.222	0.49274073
2.223	0.48645961
2.224	0.48044534
2.225	0.47407089
2.226	0.46818647
2.227	0.46291819
2.228	0.45765589
2.229	0.4528192
2.23	0.44736488
2.231	0.44114287
2.232	0.435188
2.233	0.42830606
2.234	0.42113557
2.235	0.41464469
2.236	0.40769085
2.237	0.40140301
2.238	0.39537207
2.239	0.38846179
2.24	0.38197773
2.241	0.37514403
2.242	0.36889211
2.243	0.36282839
2.244	0.35808083
2.245	0.35358387
2.246	0.35033502
2.247	0.34764963
2.248	0.34505443
2.249	0.34291861
2.25	0.3407506
2.251	0.33917545
2.252	0.33808053
2.253	0.33685618
2.254	0.33539583
2.255	0.3345868
2.256	0.33418109
2.257	0.33444281
2.258	0.33644667
2.259	0.33816496
2.26	0.34013374
2.261	0.34328195
2.262	0.34657821
2.263	0.35061786
2.264	0.3544233
2.265	0.35767237
2.266	0.36040912
2.267	0.36256143
2.268	0.36543398
2.269	0.36778066
2.27	0.36971214
2.271	0.37202546
2.272	0.37386365
2.273	0.3760682
2.274	0.37843069
2.275	0.38080643
2.276	0.38321282
2.277	0.38594156
2.278	0.3882491
2.279	0.39052332
2.28	0.39281283
2.281	0.39447287
2.282	0.39622277
2.283	0.39753825
2.284	0.39795373
2.285	0.3977847
2.286	0.39762877
2.287	0.39828759
2.288	0.39844784
2.289	0.39794094
2.29	0.39714198
2.291	0.39477403
2.292	0.39278511
2.293	0.39262852
2.294	0.39185936
2.295	0.39179012
2.296	0.39209007
2.297	0.39086269
2.298	0.38961963
2.299	0.38830371
2.3	0.38655581
2.301	0.38487799
2.302	0.38384654
2.303	0.38237186
2.304	0.38037906
2.305	0.37878651
2.306	0.37710443
2.307	0.37599885
2.308	0.37586303
2.309	0.37618394
2.31	0.37609662
2.311	0.37553943
2.312	0.37498441
2.313	0.37401851
2.314	0.37288305
2.315	0.37144314
2.316	0.36981617
2.317	0.36804227
2.318	0.36547041
2.319	0.36387922
2.32	0.36297378
2.321	0.36149905
2.322	0.36013159
2.323	0.35807865
2.324	0.35574269
2.325	0.35412591
2.326	0.3525405
2.327	0.35100631
2.328	0.34871211
2.329	0.34610405
2.33	0.34437511
2.331	0.34450614
2.332	0.34604589
2.333	0.34770541
2.334	0.34928124
2.335	0.34966004
2.336	0.34956708
2.337	0.34970814
2.338	0.34946821
2.339	0.34936921
2.34	0.34990138
2.341	0.35092512
2.342	0.35203064
2.343	0.35451588
2.344	0.35696362
2.345	0.35739295
2.346	0.35864388
2.347	0.35959922
2.348	0.3594141
2.349	0.36046049
2.35	0.35922976
2.351	0.35692463
2.352	0.35510269
2.353	0.35414425
2.354	0.35678308
2.355	0.35842094
2.356	0.35880696
2.357	0.35857788
2.358	0.35692513
2.359	0.35713463
2.36	0.35881929
2.361	0.36163038
2.362	0.36525674
2.363	0.36789072
2.364	0.3699559
2.365	0.37018853
2.366	0.3696241
2.367	0.36922128
2.368	0.36689085
2.369	0.36607333
2.37	0.36638724
2.371	0.36645165
2.372	0.36939674
2.373	0.37314569
2.374	0.37459414
2.375	0.37568268
2.376	0.37784227
2.377	0.37865712
2.378	0.38189093
2.379	0.38722337
2.38	0.3875805
2.381	0.38866776
2.382	0.39025738
2.383	0.38910225
2.384	0.39045467
2.385	0.38899601
2.386	0.38433619
2.387	0.38056915
2.388	0.37595483
2.389	0.37312693
2.39	0.37163401
2.391	0.37046165
2.392	0.36968703
2.393	0.36792584
2.394	0.36691692
2.395	0.36723354
2.396	0.36739602
2.397	0.36922829
2.398	0.37442723
2.399	0.37823649
2.4	0.37989411
2.401	0.38123309
2.402	0.38004968
2.403	0.37932236
2.404	0.38106367
2.405	0.38333971
2.406	0.38655066
2.407	0.38825414
2.408	0.38796629
2.409	0.38920163
2.41	0.38862503
2.411	0.38674205
2.412	0.38532662
2.413	0.38046594
2.414	0.37561021
2.415	0.37382658
2.416	0.37556983
2.417	0.37956823
2.418	0.3821629
2.419	0.38351971
2.42	0.38065214
2.421	0.37161282
2.422	0.36317625
2.423	0.35935645
2.424	0.35570526
2.425	0.35381568
2.426	0.35592729
2.427	0.35537144
2.428	0.35307785
2.429	0.35236799
2.43	0.34931501
2.431	0.34249043
2.432	0.33455862
2.433	0.32507466
2.434	0.31778551
2.435	0.31450222
2.436	0.30881813
2.437	0.30300633
2.438	0.29639804
2.439	0.28961554
2.44	0.28676808
2.441	0.2883276
2.442	0.2903615
2.443	0.28788751
2.444	0.28324043
2.445	0.27437034
2.446	0.26694483
2.447	0.26479153
2.448	0.26975843
2.449	0.28890511
2.45	0.30603577
2.451	0.31258296
2.452	0.31545706
2.453	0.31639781
2.454	0.32268157
2.455	0.33585337
2.456	0.34477438
2.457	0.34839938
2.458	0.3548544
2.459	0.35474893
2.46	0.34993678
2.461	0.3524936
2.462	0.34669276
2.463	0.34105481
2.464	0.34929532
2.465	0.35348035
2.466	0.36130147
2.467	0.37776059
2.468	0.38982297
2.469	0.39906521
2.47	0.39857793
2.471	0.39268724
2.472	0.37172065
2.473	0.36879328
2.474	0.37218446
2.475	0.3759905
2.476	0.41092886
2.477	0.41167753
2.478	0.38091126
2.479	0.35581549
2.48	0.29573826
2.481	0.27406094
2.482	0.27589593
2.483	0.26592396
2.484	0.29037762
2.485	0.29837707
2.486	0.28024746
2.487	0.23716916
2.488	0.17368568
2.489	0.14807893
2.49	0.15680881
2.491	0.16259136
2.492	0.17722507
2.493	0.27183535
2.494	0.29059512
2.495	0.31146718
2.496	0.3802786
2.497	0.38761702
2.498	0.35415163
2.499	0.33231309
2.5	0.29654547
